48 1
50 1
70 1
107 1
161 1
4 1
 
105 1
94 1
53 1
66 1
103 1
71 1
147 1
5 1
84 1
153 1
17 1
4 1
98 1
53 1
17 1
37 1
36 1
126 1
71 1
90 1
73 1
61 1
118 1
35 1
53 1
122 1
22 1
136 1
111 1
60 1
80 1
167 1
67 1
11 1
119 1
16 1
85 1
116 1
113 1
78 1
75 1
10 1
16 1
54 1
106 1
81 1
40 1
17 1
136 1
30 1
111 1
22 1
91 1
173 1
153 1
10 1
92 1
167 1
22 1
16 1
104 1
73 1
112 1
82 1
106 1
135 1
92 1
81 1
46 1
105 1
124 1
61 1
135 1
102 1
133 1
16 1
4 1
22 1
29 1
67 1
94 1
74 1
22 1
49 1
40 1
72 1
16 1
41 1
86 1
135 1
10 1
82 1
142 1
