6 1
47 1
14 1
36 1
225 1
274 1
46 1
44 1
96 1
120 1
153 1
25 1
114 1
56 1
4 1
34 1
38 1
4 1
79 1
18 1
45 1
145 1
198 1
56 1
25 1
256 1
133 1
238 1
25 1
233 1
106 1
8 1
71 1
74 1
52 1
0 1
54 1
0 1
20 1
139 1
230 1
153 1
0 1
0 1
45 1
40 1
42 1
6 1
49 1
110 1
68 1
258 1
170 1
114 1
31 1
6 1
14 1
167 1
16 1
99 1
70 1
51 1
128 1
125 1
58 1
0 1
12 1
41 1
28 1
47 1
126 1
0 1
57 1
36 1
4 1
198 1
0 1
28 1
34 1
138 1
8 1
124 1
57 1
4 1
14 1
39 1
114 1
62 1
19 1
26 1
220 1
52 1
37 1
0 1
14 1
34 1
194 1
86 1
40 1
14 1
