15 1
1 1
14 1
84 1
227 1
76 1
86 1
162 1
48 1
15 1
390 1
195 1
283 1
357 1
490 1
195 1
81 1
503 1
438 1
78 1
37 1
67 1
352 1
317 1
19 1
139 1
0 1
68 1
56 1
174 1
55 1
335 1
209 1
49 1
245 1
13 1
173 1
125 1
215 1
206 1
139 1
78 1
506 1
125 1
61 1
14 1
103 1
202 1
26 1
190 1
69 1
130 1
77 1
64 1
341 1
146 1
60 1
39 1
310 1
25 1
12 1
37 1
1 1
88 1
13 1
116 1
378 1
0 1
13 1
219 1
46 1
8 1
58 1
1 1
61 1
7 1
131 1
82 1
902 1
43 1
67 1
40 1
299 1
391 1
103 1
248 1
1 1
39 1
629 1
69 1
291 1
34 1
58 1
6 1
74 1
75 1
43 1
398 1
227 1
97 1
