71 1
46 1
185 1
33 1
12 1
69 1
40 1
59 1
49 1
113 1
123 1
64 1
110 1
162 1
0 1
56 1
74 1
163 1
154 1
40 1
84 1
65 1
146 1
214 1
213 1
60 1
110 1
205 1
167 1
207 1
6 1
64 1
150 1
74 1
65 1
161 1
138 1
144 1
161 1
99 1
48 1
6 1
129 1
0 1
35 1
194 1
131 1
113 1
0 1
44 1
226 1
104 1
37 1
88 1
57 1
177 1
0 1
92 1
7 1
136 1
25 1
159 1
34 1
169 1
25 1
205 1
14 1
19 1
0 1
36 1
102 1
214 1
15 1
71 1
104 1
107 1
152 1
53 1
108 1
117 1
45 1
12 1
131 1
123 1
133 1
1 1
116 1
24 1
8 1
41 1
135 1
174 1
160 1
105 1
32 1
193 1
121 1
13 1
98 1
19 1
