12 1
107 1
151 1
326 1
6 1
607 1
556 1
321 1
96 1
61 1
275 1
18 1
152 1
51 1
215 1
115 1
57 1
120 1
261 1
102 1
27 1
411 1
62 1
0 1
191 1
151 1
168 1
323 1
317 1
27 1
277 1
16 1
526 1
316 1
161 1
314 1
26 1
106 1
158 1
91 1
51 1
301 1
118 1
87 1
59 1
565 1
259 1
39 1
307 1
20 1
178 1
60 1
13 1
15 1
874 1
273 1
34 1
43 1
6 1
503 1
1 1
96 1
94 1
223 1
62 1
139 1
125 1
281 1
231 1
87 1
24 1
112 1
70 1
106 1
636 1
309 1
315 1
420 1
47 1
64 1
80 1
80 1
495 1
22 1
379 1
162 1
193 1
208 1
358 1
101 1
142 1
65 1
288 1
39 1
510 1
49 1
18 1
447 1
115 1
74 1
