31 1
150 1
100 1
1 1
106 1
220 1
0 1
118 1
52 1
6 1
66 1
103 1
37 1
56 1
86 1
141 1
111 1
60 1
200 1
98 1
13 1
7 1
69 1
101 1
156 1
53 1
7 1
225 1
148 1
6 1
60 1
19 1
191 1
6 1
92 1
207 1
99 1
20 1
90 1
30 1
105 1
137 1
55 1
35 1
145 1
79 1
49 1
7 1
76 1
25 1
119 1
7 1
91 1
165 1
82 1
57 1
188 1
18 1
76 1
13 1
182 1
34 1
109 1
6 1
45 1
44 1
25 1
187 1
78 1
75 1
127 1
12 1
167 1
96 1
145 1
26 1
99 1
110 1
24 1
141 1
143 1
90 1
15 1
104 1
142 1
193 1
13 1
78 1
44 1
156 1
182 1
84 1
183 1
20 1
0 1
164 1
38 1
6 1
1 1
0 1
