120 1
188 1
45 1
137 1
214 1
73 1
42 1
165 1
194 1
199 1
115 1
88 1
46 1
187 1
66 1
219 1
45 1
27 1
36 1
0 1
202 1
55 1
113 1
102 1
126 1
25 1
39 1
214 1
194 1
48 1
91 1
153 1
88 1
69 1
36 1
31 1
196 1
12 1
14 1
98 1
171 1
53 1
158 1
137 1
98 1
134 1
105 1
39 1
0 1
25 1
85 1
90 1
194 1
220 1
0 1
1 1
62 1
89 1
144 1
135 1
226 1
129 1
95 1
62 1
18 1
149 1
114 1
58 1
13 1
63 1
174 1
117 1
162 1
128 1
186 1
208 1
124 1
181 1
32 1
226 1
127 1
81 1
186 1
91 1
6 1
95 1
66 1
121 1
133 1
112 1
127 1
182 1
45 1
116 1
32 1
152 1
12 1
47 1
44 1
6 1
