122 1
90 1
142 1
104 1
84 1
16 1
185 1
99 1
105 1
135 1
29 1
130 1
16 1
4 1
29 1
91 1
148 1
10 1
161 1
141 1
67 1
92 1
98 1
22 1
111 1
59 1
179 1
147 1
137 1
71 1
97 1
85 1
4 1
161 1
11 1
78 1
179 1
161 1
167 1
185 1
47 1
147 1
116 1
145 1
113 1
91 1
74 1
88 1
154 1
34 1
48 1
105 1
90 1
16 1
22 1
52 1
17 1
121 1
22 1
104 1
10 1
67 1
185 1
146 1
124 1
72 1
101 1
160 1
173 1
123 1
34 1
161 1
60 1
142 1
4 1
4 1
66 1
47 1
36 1
173 1
4 1
36 1
43 1
10 1
161 1
149 1
148 1
136 1
84 1
147 1
76 1
135 1
104 1
124 1
41 1
40 1
4 1
98 1
185 1
185 1
