130 1
111 1
48 1
148 1
90 1
37 1
5 1
31 1
68 1
22 1
74 1
137 1
86 1
10 1
137 1
28 1
91 1
62 1
119 1
130 1
28 1
58 1
134 1
75 1
91 1
22 1
106 1
4 1
10 1
74 1
62 1
71 1
130 1
42 1
148 1
131 1
80 1
4 1
66 1
131 1
11 1
68 1
81 1
4 1
24 1
16 1
74 1
11 1
109 1
167 1
127 1
105 1
113 1
81 1
68 1
115 1
32 1
59 1
69 1
16 1
41 1
50 1
61 1
50 1
98 1
117 1
53 1
74 1
54 1
10 1
101 1
49 1
123 1
36 1
140 1
31 1
81 1
16 1
41 1
4 1
94 1
5 1
4 1
30 1
82 1
67 1
35 1
22 1
119 1
59 1
81 1
131 1
53 1
55 1
78 1
23 1
94 1
82 1
117 1
167 1
