37 1
123 1
175 1
227 1
18 1
7 1
128 1
32 1
433 1
58 1
152 1
151 1
42 1
220 1
215 1
110 1
70 1
169 1
68 1
0 1
261 1
286 1
92 1
137 1
31 1
6 1
51 1
262 1
42 1
271 1
69 1
250 1
132 1
83 1
108 1
0 1
95 1
12 1
42 1
169 1
62 1
154 1
36 1
0 1
276 1
35 1
334 1
1 1
179 1
112 1
39 1
44 1
222 1
9 1
168 1
70 1
38 1
277 1
57 1
70 1
71 1
23 1
192 1
474 1
86 1
156 1
43 1
114 1
244 1
184 1
31 1
262 1
24 1
12 1
21 1
12 1
113 1
150 1
45 1
1 1
72 1
408 1
52 1
204 1
378 1
97 1
94 1
239 1
122 1
85 1
159 1
66 1
28 1
61 1
38 1
74 1
401 1
31 1
498 1
135 1
