127 1
59 1
42 1
35 1
23 1
31 1
41 1
30 1
124 1
65 1
160 1
152 1
87 1
61 1
53 1
42 1
135 1
35 1
72 1
136 1
185 1
179 1
173 1
118 1
41 1
79 1
172 1
101 1
4 1
157 1
146 1
16 1
62 1
40 1
129 1
99 1
130 1
72 1
73 1
179 1
96 1
47 1
73 1
134 1
119 1
12 1
5 1
60 1
67 1
17 1
173 1
48 1
172 1
99 1
49 1
75 1
58 1
167 1
82 1
134 1
60 1
120 1
159 1
78 1
29 1
84 1
135 1
66 1
92 1
74 1
135 1
77 1
97 1
10 1
67 1
47 1
167 1
34 1
98 1
22 1
148 1
167 1
154 1
48 1
173 1
148 1
134 1
94 1
125 1
154 1
78 1
65 1
141 1
40 1
58 1
178 1
48 1
143 1
16 1
46 1
