80 1
56 1
110 1
78 1
63 1
81 1
123 1
71 1
61 1
11 1
117 1
81 1
122 1
4 1
4 1
43 1
88 1
73 1
54 1
28 1
107 1
41 1
5 1
105 1
42 1
35 1
37 1
62 1
135 1
86 1
36 1
91 1
111 1
34 1
71 1
109 1
137 1
67 1
55 1
58 1
4 1
123 1
129 1
30 1
146 1
111 1
5 1
40 1
47 1
41 1
116 1
135 1
71 1
4 1
161 1
53 1
16 1
34 1
98 1
37 1
48 1
4 1
72 1
161 1
29 1
71 1
11 1
13 1
84 1
35 1
54 1
29 1
147 1
4 1
18 1
121 1
85 1
99 1
24 1
96 1
96 1
47 1
143 1
136 1
119 1
71 1
97 1
34 1
104 1
66 1
28 1
16 1
49 1
42 1
4 1
155 1
62 1
22 1
78 1
149 1
