32 1
80 1
8 1
4 1
14 1
151 1
61 1
87 1
36 1
49 1
52 1
23 1
105 1
52 1
4 1
41 1
26 1
118 1
15 1
76 1
14 1
81 1
60 1
10 1
111 1
17 1
38 1
87 1
25 1
28 1
2 1
49 1
59 1
109 1
8 1
112 1
121 1
36 1
49 1
39 1
14 1
26 1
52 1
103 1
10 1
5 1
26 1
20 1
38 1
100 1
50 1
58 1
109 1
23 1
43 1
88 1
28 1
47 1
74 1
17 1
79 1
10 1
74 1
16 1
110 1
84 1
34 1
87 1
42 1
74 1
16 1
10 1
55 1
4 1
11 1
101 1
2 1
5 1
71 1
90 1
26 1
2 1
5 1
14 1
22 1
76 1
111 1
28 1
119 1
45 1
48 1
42 1
119 1
48 1
119 1
46 1
4 1
16 1
47 1
53 1
