91 1
10 1
65 1
143 1
146 1
113 1
 
265 1
45 1
18 1
256 1
280 1
278 1
265 1
16 1
183 1
224 1
147 1
249 1
257 1
272 1
54 1
28 1
12 1
54 1
90 1
5 1
209 1
271 1
280 1
131 1
237 1
90 1
113 1
199 1
239 1
256 1
99 1
233 1
160 1
68 1
60 1
142 1
4 1
25 1
17 1
286 1
131 1
233 1
86 1
63 1
130 1
73 1
229 1
238 1
72 1
256 1
178 1
43 1
280 1
97 1
238 1
27 1
167 1
173 1
128 1
284 1
152 1
285 1
91 1
220 1
150 1
254 1
198 1
134 1
100 1
244 1
232 1
290 1
73 1
124 1
167 1
151 1
96 1
271 1
190 1
221 1
220 1
116 1
177 1
286 1
162 1
69 1
53 1
45 1
128 1
250 1
170 1
270 1
292 1
