25 1
25 1
97 1
71 1
88 1
102 1
13 1
128 1
39 1
0 1
63 1
112 1
19 1
46 1
130 1
13 1
71 1
107 1
76 1
77 1
38 1
57 1
1 1
19 1
59 1
105 1
59 1
111 1
69 1
78 1
13 1
46 1
7 1
73 1
20 1
76 1
69 1
39 1
13 1
13 1
32 1
12 1
26 1
76 1
76 1
102 1
40 1
54 1
101 1
115 1
69 1
61 1
46 1
57 1
87 1
38 1
70 1
24 1
34 1
63 1
31 1
68 1
1 1
116 1
47 1
117 1
0 1
57 1
59 1
82 1
77 1
62 1
114 1
89 1
44 1
83 1
32 1
40 1
171 1
13 1
92 1
71 1
50 1
53 1
105 1
38 1
121 1
115 1
50 1
44 1
18 1
13 1
91 1
0 1
0 1
85 1
19 1
118 1
85 1
142 1
