92 1
219 1
208 1
148 1
112 1
216 1
248 1
198 1
18 1
31 1
209 1
85 1
32 1
41 1
252 1
130 1
262 1
273 1
24 1
37 1
243 1
65 1
24 1
278 1
292 1
125 1
76 1
245 1
252 1
292 1
141 1
251 1
30 1
144 1
160 1
65 1
251 1
71 1
162 1
90 1
103 1
78 1
163 1
182 1
4 1
4 1
147 1
234 1
16 1
186 1
260 1
100 1
25 1
134 1
165 1
247 1
151 1
99 1
4 1
195 1
32 1
11 1
273 1
156 1
89 1
157 1
280 1
4 1
151 1
127 1
196 1
247 1
202 1
266 1
54 1
206 1
178 1
9 1
124 1
254 1
16 1
180 1
64 1
175 1
186 1
251 1
248 1
143 1
106 1
262 1
292 1
65 1
154 1
171 1
91 1
176 1
85 1
4 1
143 1
148 1
