181
796
804
1044
197
635
889
82
816
543
802
588
468
213
816
1020
143
678
131
6
865
88
6
633
902
1026
981
202
976
124
491
283
1168
40
50
538
437
204
17
322
803
679
426
132
291
444
52
396
524
1471
219
568
132
141
810
991
1074
607
713
783
1109
17
1062
66
406
718
34
809
243
493
257
746
68
215
237
760
454
921
126
535
603
429
521
1266
79
577
1530
673
176
791
569
221
245
335
157
970
418
309
130
1332
109
23
292
794
697
122
289
213
676
731
657
755
921
6
909
564
449
367
377
74
916
550
62
39
517
674
1191
365
737
1208
577
581
563
474
613
694
11
575
128
492
992
418
614
477
946
285
45
872
626
325
429
496
198
168
386
538
456
991
607
11
202
59
628
498
509
1138
388
386
385
355
17
690
813
820
679
544
392
60
17
