33
44
42
42
42
42
43
42
16
16
42
42
33
43
16
42
43
44
44
16
43
43
44
44
43
42
42
42
16
43
16
44
42
16
33
44
42
42
16
33
44
44
44
42
33
43
43
43
33
16
42
16
16
42
44
43
16
43
44
43
16
44
16
43
43
44
33
42
42
44
16
44
43
16
43
42
44
16
42
42
43
33
42
44
16
42
44
42
33
43
43
44
42
42
43
42
44
43
42
44
16
33
44
33
44
44
43
16
33
43
16
42
42
16
16
42
42
16
44
43
43
33
43
33
16
44
43
42
42
33
42
43
42
33
43
42
42
33
16
16
42
43
42
16
16
16
16
16
44
43
42
44
42
44
44
16
42
44
44
42
16
44
42
43
42
44
16
44
33
42
44
44
44
44
42
42
33
