563
580
580
563
16
563
16
563
164
16
275
16
563
163
563
563
163
563
129
563
563
16
16
580
563
16
580
17
17
580
580
16
16
16
164
128
275
163
16
164
276
563
563
163
276
164
563
563
563
563
164
128
580
16
16
563
163
580
580
16
563
17
563
580
16
163
580
563
164
563
16
276
164
563
17
17
563
563
580
580
563
563
276
563
580
563
276
17
16
16
563
128
563
563
276
276
563
580
563
16
276
563
563
563
580
16
16
563
563
563
563
563
580
563
129
276
276
275
276
164
16
17
563
563
16
563
563
563
563
563
16
163
580
580
16
563
164
16
16
563
276
17
563
580
580
563
580
563
580
580
164
16
276
16
580
563
580
16
17
275
580
128
275
16
128
164
580
580
276
563
129
17
276
563
276
164
