71
66
18
8
43
53
50
50
20
47
57
69
55
71
62
47
62
80
42
41
13
19
55
25
46
24
49
82
73
49
22
25
69
43
49
69
32
58
57
22
83
73
8
64
64
55
40
64
48
72
46
55
59
52
45
14
68
19
30
33
73
56
79
9
16
89
34
74
77
33
62
63
72
19
43
46
47
33
55
48
48
47
26
53
65
71
66
36
45
38
19
69
63
75
35
12
8
13
24
49
64
54
26
63
20
12
8
8
28
19
46
16
37
15
18
70
32
14
43
56
49
41
18
59
9
54
64
50
21
50
25
21
48
42
73
60
26
62
19
46
74
55
11
17
13
61
9
23
64
24
58
79
50
50
28
26
62
37
53
42
67
8
39
40
44
53
39
57
8
59
48
8
37
63
23
51
42
