82 1
487 1
13 1
493 1
355 1
34 1
159 1
58 1
63 1
104 1
336 1
285 1
463 1
61 1
164 1
57 1
89 1
109 1
241 1
31 1
165 1
100 1
45 1
12 1
266 1
178 1
38 1
324 1
53 1
271 1
87 1
115 1
0 1
425 1
70 1
239 1
50 1
224 1
18 1
68 1
274 1
338 1
21 1
55 1
29 1
325 1
1 1
118 1
261 1
210 1
189 1
115 1
76 1
365 1
60 1
462 1
20 1
238 1
65 1
7 1
41 1
143 1
87 1
376 1
124 1
351 1
248 1
45 1
359 1
157 1
493 1
190 1
172 1
70 1
122 1
369 1
151 1
0 1
30 1
108 1
380 1
80 1
13 1
51 1
190 1
93 1
552 1
65 1
33 1
1 1
311 1
150 1
309 1
346 1
136 1
34 1
328 1
166 1
79 1
148 1
