143 1
58 1
75 1
26 1
77 1
54 1
44 1
31 1
131 1
44 1
140 1
26 1
0 1
100 1
14 1
84 1
26 1
41 1
81 1
7 1
19 1
12 1
14 1
92 1
38 1
12 1
137 1
53 1
36 1
97 1
6 1
31 1
70 1
72 1
70 1
111 1
38 1
71 1
144 1
50 1
7 1
97 1
134 1
49 1
51 1
38 1
94 1
59 1
83 1
65 1
63 1
43 1
28 1
51 1
13 1
32 1
12 1
13 1
105 1
25 1
55 1
19 1
56 1
118 1
58 1
141 1
50 1
24 1
32 1
54 1
109 1
19 1
30 1
52 1
117 1
13 1
70 1
27 1
166 1
129 1
44 1
147 1
42 1
172 1
50 1
31 1
138 1
81 1
33 1
85 1
37 1
40 1
28 1
51 1
126 1
6 1
51 1
59 1
83 1
19 1
