38 1
25 1
33 1
75 1
25 1
38 1
50 1
50 1
69 1
30 1
88 1
13 1
76 1
20 1
38 1
1 1
36 1
63 1
84 1
13 1
95 1
61 1
105 1
85 1
89 1
26 1
47 1
1 1
19 1
37 1
103 1
77 1
109 1
100 1
154 1
65 1
102 1
7 1
59 1
13 1
68 1
6 1
26 1
21 1
38 1
31 1
124 1
6 1
74 1
59 1
90 1
65 1
12 1
33 1
115 1
80 1
86 1
58 1
20 1
26 1
58 1
115 1
38 1
13 1
55 1
67 1
112 1
23 1
118 1
33 1
26 1
14 1
25 1
26 1
43 1
20 1
98 1
33 1
56 1
76 1
29 1
143 1
15 1
131 1
46 1
51 1
0 1
41 1
20 1
41 1
131 1
1 1
46 1
107 1
134 1
62 1
19 1
50 1
103 1
38 1
