110 1
6 1
66 1
0 1
68 1
21 1
142 1
0 1
13 1
295 1
33 1
86 1
108 1
8 1
198 1
143 1
68 1
0 1
18 1
87 1
13 1
6 1
90 1
70 1
36 1
169 1
18 1
80 1
40 1
96 1
4 1
170 1
136 1
52 1
255 1
86 1
50 1
114 1
184 1
10 1
84 1
130 1
49 1
2 1
40 1
139 1
144 1
0 1
94 1
55 1
0 1
0 1
60 1
28 1
299 1
49 1
20 1
130 1
128 1
180 1
83 1
78 1
42 1
2 1
6 1
145 1
66 1
95 1
0 1
52 1
46 1
225 1
93 1
138 1
80 1
91 1
2 1
168 1
40 1
138 1
55 1
163 1
78 1
91 1
78 1
64 1
36 1
24 1
6 1
133 1
44 1
60 1
132 1
38 1
48 1
215 1
10 1
34 1
51 1
20 1
