83 1
92 1
133 1
179 1
13 1
123 1
53 1
158 1
109 1
228 1
13 1
164 1
135 1
24 1
42 1
90 1
355 1
400 1
206 1
268 1
81 1
6 1
99 1
6 1
19 1
292 1
89 1
17 1
131 1
51 1
168 1
0 1
20 1
508 1
55 1
130 1
129 1
259 1
14 1
37 1
18 1
14 1
7 1
66 1
12 1
61 1
202 1
31 1
109 1
28 1
183 1
12 1
78 1
343 1
36 1
115 1
267 1
13 1
140 1
105 1
30 1
18 1
136 1
141 1
170 1
58 1
18 1
101 1
112 1
166 1
108 1
61 1
225 1
52 1
153 1
20 1
30 1
69 1
67 1
92 1
0 1
56 1
61 1
266 1
45 1
0 1
22 1
56 1
6 1
218 1
99 1
18 1
255 1
299 1
153 1
65 1
85 1
179 1
30 1
0 1
