245 1
73 1
166 1
59 1
71 1
234 1
234 1
183 1
186 1
37 1
205 1
141 1
92 1
122 1
88 1
42 1
203 1
4 1
117 1
173 1
52 1
178 1
62 1
50 1
264 1
67 1
264 1
4 1
144 1
73 1
87 1
236 1
240 1
152 1
99 1
103 1
173 1
192 1
101 1
250 1
162 1
230 1
192 1
79 1
270 1
176 1
188 1
92 1
59 1
136 1
214 1
235 1
140 1
188 1
211 1
71 1
291 1
116 1
256 1
92 1
185 1
183 1
131 1
12 1
202 1
156 1
30 1
223 1
67 1
221 1
226 1
108 1
120 1
254 1
284 1
235 1
50 1
94 1
220 1
142 1
110 1
156 1
128 1
115 1
283 1
57 1
229 1
283 1
99 1
190 1
33 1
245 1
30 1
15 1
15 1
254 1
144 1
268 1
143 1
38 1
