206 1
217 1
182 1
209 1
264 1
9 1
250 1
244 1
235 1
4 1
208 1
227 1
18 1
270 1
265 1
119 1
142 1
229 1
143 1
197 1
209 1
24 1
107 1
206 1
279 1
232 1
229 1
279 1
242 1
146 1
137 1
188 1
278 1
230 1
24 1
249 1
4 1
197 1
278 1
178 1
59 1
16 1
264 1
110 1
64 1
30 1
226 1
79 1
215 1
200 1
266 1
245 1
284 1
45 1
158 1
230 1
189 1
207 1
157 1
74 1
245 1
156 1
17 1
101 1
82 1
161 1
4 1
292 1
113 1
195 1
233 1
164 1
160 1
177 1
235 1
216 1
265 1
158 1
270 1
187 1
173 1
171 1
244 1
10 1
263 1
171 1
240 1
278 1
37 1
24 1
47 1
281 1
129 1
192 1
112 1
235 1
148 1
111 1
203 1
184 1
