29 1
185 1
149 1
4 1
109 1
112 1
111 1
48 1
155 1
4 1
72 1
107 1
16 1
55 1
22 1
28 1
121 1
56 1
86 1
4 1
34 1
35 1
129 1
10 1
35 1
30 1
36 1
136 1
97 1
72 1
78 1
53 1
52 1
137 1
142 1
73 1
161 1
105 1
16 1
52 1
50 1
55 1
58 1
117 1
130 1
68 1
58 1
42 1
173 1
84 1
124 1
10 1
56 1
78 1
48 1
109 1
124 1
83 1
23 1
41 1
122 1
90 1
118 1
136 1
37 1
74 1
36 1
18 1
16 1
136 1
111 1
80 1
48 1
11 1
99 1
46 1
10 1
106 1
28 1
140 1
61 1
17 1
161 1
74 1
18 1
40 1
24 1
64 1
53 1
115 1
68 1
98 1
43 1
111 1
161 1
29 1
10 1
129 1
29 1
4 1
