155 1
10 1
258 1
146 1
65 1
170 1
88 1
122 1
122 1
257 1
187 1
108 1
124 1
197 1
233 1
167 1
272 1
138 1
138 1
98 1
57 1
105 1
289 1
216 1
187 1
127 1
138 1
213 1
248 1
209 1
197 1
240 1
174 1
95 1
135 1
186 1
213 1
83 1
247 1
115 1
97 1
291 1
87 1
170 1
85 1
207 1
176 1
173 1
213 1
183 1
10 1
185 1
121 1
127 1
233 1
278 1
259 1
133 1
292 1
292 1
162 1
34 1
26 1
193 1
130 1
210 1
99 1
4 1
4 1
242 1
127 1
257 1
162 1
117 1
62 1
199 1
277 1
145 1
224 1
201 1
210 1
280 1
214 1
183 1
41 1
236 1
67 1
271 1
272 1
10 1
36 1
111 1
23 1
252 1
99 1
244 1
83 1
232 1
215 1
168 1
