171 1
67 1
229 1
1 1
55 1
21 1
1 1
89 1
52 1
92 1
42 1
80 1
73 1
68 1
156 1
0 1
34 1
58 1
33 1
28 1
6 1
13 1
52 1
82 1
207 1
326 1
90 1
141 1
1 1
44 1
92 1
1 1
6 1
0 1
413 1
43 1
113 1
43 1
24 1
78 1
49 1
42 1
40 1
46 1
151 1
0 1
153 1
13 1
153 1
25 1
0 1
144 1
55 1
44 1
32 1
7 1
105 1
48 1
16 1
0 1
1 1
128 1
28 1
6 1
110 1
51 1
1 1
32 1
7 1
133 1
131 1
32 1
13 1
37 1
56 1
37 1
288 1
54 1
82 1
61 1
56 1
173 1
74 1
32 1
76 1
28 1
19 1
66 1
7 1
173 1
12 1
0 1
14 1
6 1
34 1
79 1
6 1
41 1
12 1
60 1
